A=[1 -3 3;3 -5 3;6 -6 4]    % 행렬 입력
A^10        