Kp = 0.707;
Ki = 100;
wn = 2*pi*350;

zeta = 0.707;
