A=[2 3 4;1 2 1];B=[0 2 7;1 -3 5];    % 행렬 A, B 입력
A-2*B                                % A-2B 계산