A=[1 2 3;0 1 2;0 0 1];B=[-3 2 1;0 2 -1;0 0 -1]; % 행렬 A, B, C, D 생성
C=[1 0 0;-1 3 0;2 1 -5];D=[2 0 0;2 1 0;1 2 -3];
AB=A*B                                          % AB, CD, AC, DB 계산
CD=C*D
AC=A*C
DB=D*B