M=[2 25 8 24 4 29 1 23;1 19 7 8 27 7 17 29;5 15 2 2 15 9 15 29];    % 행렬 M 입력
A=[3 1 2;2 1 -1;3 1 3];                                             % 행렬 A 입력
N=A*M                                                               % 암호문 행렬 N 계산