A=[10 -12 11;24 -25 0];B=[-1 2 -4;2 -1 1;0 5 8];    % 행렬 입력
C=[0 8;-33 21;25 -10];D=[30 -10 20];E=[-25;0;37];
A',B',C',D',E'                                      % 전치행렬 계산